[2 2 2 2] * 2 = [4 4 4 4]
[4 4 4 4] * 2 = [8 8 8 8]
[8 8 8 8] * 2 = [16 16 16 16] = [16 16 17 6] = [16 17 7 6] = [17 7 7 6] = [1 7 7 7 6]

[5 5 5 5] * 2 = [10 10 10 10] = [10 10 11 0] = [10 11 1 0] = [11 1 1 0] = [1 1 1 1 0]

2^5
1. [1] * 2 = [2]
2. [2] * 2 = [4]
3. [4] * 2 = [8]
4. [8] * 2 = [16] = [1 6]
5. [1 6] * 2 = [2 12] = [3 2]

13 ^ 5
1. [1] * 13 = [13] = [1 3] = 13
2. [1 3] * 13 = [13 39] = [16 9] = [1 6 9] = 169
3. [1 6 9] * 13 = [13 78 117] = [13 89 7] = [21 9 7] = [2 1 9 7] = 2,197
4. [2 1 9 7] * 13 = [26 13 117 91] = [26 13 126 1] = [26 25 6 1] = [28 5 6 1] = [2 8 5 6 1] = 28,561
5. [2 8 5 6 1] * 13 = [26 104 65 78 13] = [26 104 65 79 3] = [26 104 72 9 3] = [26 111 2 9 3] = [37 1 2 9 3] = [3 7 1 2 9 3] = 371,293